Type;FSP;
Version;4.50;
Date;01.Jan 03;
Mode;ANALYZER;
Center Freq;2505000000.000000;Hz
Freq Offset;0.000000;Hz
Span;4990000000.000000;Hz
x-Axis;LIN;
Start;10000000.000000;Hz
Stop;5000000000.000000;Hz
Ref Level;-40.000000;dBm
Level Offset;0.000000;dB
Ref Position;100.000000;%
y-Axis;LOG;
Level Range;100.000000;dB
Rf Att;0.000000;dB
RBW;10000000.000000;Hz
VBW;10000000.000000;Hz
SWT;0.100000;s
Trace Mode;AVERAGE;
Detector;AVERAGE;
Sweep Count;10;
Trace 1:;;
x-Unit;Hz;
y-Unit;dBm;
Preamplifier;NOT AVAILABLE;
Transducer;OFF;
Values;501;
10000000;-56.764007568359375;
19980000;-74.696144104003906;
29960000;-74.852012634277344;
39940000;-74.692619323730469;
49920000;-74.606376647949219;
59900000;-74.542373657226563;
69880000;-74.40704345703125;
79860000;-74.426902770996094;
89840000;-74.417739868164063;
99820000;-74.356697082519531;
109800000;-74.345993041992188;
119780000;-74.285606384277344;
129760000;-74.186904907226562;
139740000;-74.1533203125;
149720000;-74.0562744140625;
159700000;-74.080413818359375;
169680000;-73.891899108886719;
179660000;-73.779754638671875;
189640000;-73.833335876464844;
199620000;-73.736831665039063;
209600000;-73.729591369628906;
219580000;-73.7806396484375;
229560000;-73.836196899414063;
239540000;-73.8914794921875;
249520000;-73.910697937011719;
259500000;-73.983657836914063;
269480000;-74.020332336425781;
279460000;-74.020904541015625;
289440000;-74.059127807617188;
299420000;-74.185096740722656;
309400000;-74.249702453613281;
319380000;-74.295112609863281;
329360000;-74.290733337402344;
339340000;-74.301071166992188;
349320000;-74.280555725097656;
359300000;-74.258270263671875;
369280000;-74.185417175292969;
379260000;-74.122100830078125;
389240000;-74.055168151855469;
399220000;-73.9866943359375;
409200000;-73.970550537109375;
419180000;-73.974044799804687;
429160000;-73.959274291992188;
439140000;-74.039451599121094;
449120000;-74.027351379394531;
459100000;-74.083686828613281;
469080000;-74.062812805175781;
479060000;-73.997367858886719;
489040000;-73.90167236328125;
499020000;-74.002090454101563;
509000000;-73.972480773925781;
518980000;-73.968605041503906;
528960000;-73.962944030761719;
538940000;-74.098152160644531;
548920000;-74.043266296386719;
558900000;-74.067939758300781;
568880000;-74.154014587402344;
578860000;-74.155403137207031;
588840000;-74.175552368164062;
598820000;-74.214324951171875;
608800000;-74.108116149902344;
618780000;-74.045028686523438;
628760000;-74.087364196777344;
638740000;-73.972274780273438;
648720000;-74.080047607421875;
658700000;-74.082778930664062;
668680000;-74.170684814453125;
678660000;-74.275016784667969;
688640000;-74.347579956054688;
698620000;-74.41290283203125;
708600000;-74.422676086425781;
718580000;-74.435882568359375;
728560000;-74.294204711914062;
738540000;-74.183731079101563;
748520000;-74.175819396972656;
758500000;-74.033767700195313;
768480000;-73.992118835449219;
778460000;-74.003959655761719;
788440000;-74.0948486328125;
798420000;-74.066291809082031;
808400000;-72.883384704589844;
818380000;-73.345962524414063;
828360000;-74.349983215332031;
838340000;-74.341033935546875;
848320000;-74.363906860351562;
858300000;-74.364761352539062;
868280000;-74.255714416503906;
878260000;-74.252487182617188;
888240000;-74.285812377929687;
898220000;-74.369720458984375;
908200000;-74.42333984375;
918180000;-74.556747436523438;
928160000;-74.485923767089844;
938140000;-74.611068725585938;
948120000;-74.726158142089844;
958100000;-74.721511840820313;
968080000;-74.733306884765625;
978060000;-74.710319519042969;
988040000;-74.677650451660156;
998020000;-74.530105590820313;
1008000000;-74.475120544433594;
1017980000;-74.37017822265625;
1027960000;-74.363945007324219;
1037940000;-74.428916931152344;
1047920000;-74.4560546875;
1057900000;-74.534889221191406;
1067880000;-74.513702392578125;
1077860000;-74.522262573242188;
1087840000;-74.517036437988281;
1097820000;-74.43475341796875;
1107800000;-74.402938842773438;
1117780000;-74.468902587890625;
1127760000;-74.424842834472656;
1137740000;-74.511825561523438;
1147720000;-74.577133178710938;
1157700000;-74.673782348632812;
1167680000;-74.761154174804688;
1177660000;-74.760795593261719;
1187640000;-74.781501770019531;
1197620000;-74.824272155761719;
1207600000;-74.748001098632813;
1217580000;-74.685279846191406;
1227560000;-74.585357666015625;
1237540000;-74.479339599609375;
1247520000;-74.414573669433594;
1257500000;-74.41876220703125;
1267480000;-74.354362487792969;
1277460000;-74.369796752929688;
1287440000;-74.414543151855469;
1297420000;-74.447006225585937;
1307400000;-74.497451782226562;
1317380000;-74.572906494140625;
1327360000;-74.685646057128906;
1337340000;-74.710128784179688;
1347320000;-74.72625732421875;
1357300000;-74.695083618164063;
1367280000;-74.568954467773437;
1377260000;-74.492042541503906;
1387240000;-74.497657775878906;
1397220000;-74.487411499023437;
1407200000;-74.555618286132813;
1417180000;-74.500534057617188;
1427160000;-74.552238464355469;
1437140000;-74.697296142578125;
1447120000;-74.793174743652344;
1457100000;-74.848014831542969;
1467080000;-74.837150573730469;
1477060000;-74.900863647460938;
1487040000;-74.898025512695313;
1497020000;-74.860153198242188;
1507000000;-74.877166748046875;
1516980000;-74.909652709960938;
1526960000;-74.915054321289062;
1536940000;-74.942581176757813;
1546920000;-74.9656982421875;
1556900000;-75.000381469726563;
1566880000;-75.079833984375;
1576860000;-75.114616394042969;
1586840000;-75.006240844726563;
1596820000;-74.912590026855469;
1606800000;-74.876060485839844;
1616780000;-74.865478515625;
1626760000;-74.888221740722656;
1636740000;-74.871238708496094;
1646720000;-74.93359375;
1656700000;-74.932868957519531;
1666680000;-74.958503723144531;
1676660000;-74.945388793945313;
1686640000;-74.925682067871094;
1696620000;-74.945526123046875;
1706600000;-74.904953002929688;
1716580000;-74.841148376464844;
1726560000;-74.795280456542969;
1736540000;-74.810699462890625;
1746520000;-74.80511474609375;
1756500000;-74.834701538085938;
1766480000;-74.917869567871094;
1776460000;-75.002250671386719;
1786440000;-75.107780456542969;
1796420000;-75.197792053222656;
1806400000;-75.227043151855469;
1816380000;-75.263412475585937;
1826360000;-75.2540283203125;
1836340000;-75.11810302734375;
1846320000;-75.118362426757812;
1856300000;-74.894950866699219;
1866280000;-74.619789123535156;
1876260000;-74.693840026855469;
1886240000;-74.770530700683594;
1896220000;-74.801910400390625;
1906200000;-74.870536804199219;
1916180000;-74.810005187988281;
1926160000;-74.892501831054688;
1936140000;-74.915298461914063;
1946120000;-74.954299926757813;
1956100000;-74.890846252441406;
1966080000;-74.918983459472656;
1976060000;-74.969932556152344;
1986040000;-75.042198181152344;
1996020000;-75.019287109375;
2006000000;-75.077003479003906;
2015980000;-75.149726867675781;
2025960000;-75.183006286621094;
2035940000;-75.224319458007812;
2045920000;-75.250373840332031;
2055900000;-75.213737487792969;
2065880000;-75.2193603515625;
2075860000;-75.181137084960937;
2085840000;-75.1744384765625;
2095820000;-75.099906921386719;
2105800000;-75.016029357910156;
2115780000;-74.964241027832031;
2125760000;-74.573410034179688;
2135740000;-71.751434326171875;
2145720000;-73.668144226074219;
2155700000;-74.915489196777344;
2165680000;-75.106826782226562;
2175660000;-75.069442749023437;
2185640000;-74.977775573730469;
2195620000;-75.125877380371094;
2205600000;-75.105613708496094;
2215580000;-75.031471252441406;
2225560000;-75.078727722167969;
2235540000;-75.05010986328125;
2245520000;-75.078788757324219;
2255500000;-75.052207946777344;
2265480000;-75.012832641601563;
2275460000;-75.008392333984375;
2285440000;-75.069541931152344;
2295420000;-75.079010009765625;
2305400000;-75.088722229003906;
2315380000;-74.971771240234375;
2325360000;-74.968955993652344;
2335340000;-74.977264404296875;
2345320000;-75.015434265136719;
2355300000;-75.046783447265625;
2365280000;-75.043708801269531;
2375260000;-75.126312255859375;
2385240000;-75.196235656738281;
2395220000;-75.201248168945313;
2405200000;-75.161483764648437;
2415180000;-75.3436279296875;
2425160000;-75.281494140625;
2435140000;-75.403121948242187;
2445120000;-75.435462951660156;
2455100000;-75.419692993164063;
2465080000;-75.512672424316406;
2475060000;-75.503646850585937;
2485040000;-75.503402709960938;
2495020000;-75.564521789550781;
2505000000;-75.59417724609375;
2514980000;-75.588630676269531;
2524960000;-75.517036437988281;
2534940000;-75.622474670410156;
2544920000;-75.564987182617188;
2554900000;-75.564453125;
2564880000;-75.602447509765625;
2574860000;-75.555923461914062;
2584840000;-75.627876281738281;
2594820000;-75.649070739746094;
2604800000;-75.578575134277344;
2614780000;-75.673690795898437;
2624760000;-75.703857421875;
2634740000;-75.764724731445313;
2644720000;-75.700233459472656;
2654700000;-75.716644287109375;
2664680000;-75.646774291992188;
2674660000;-75.625602722167969;
2684640000;-75.683547973632812;
2694620000;-75.6185302734375;
2704600000;-75.573356628417969;
2714580000;-75.562332153320312;
2724560000;-75.613304138183594;
2734540000;-75.614967346191406;
2744520000;-75.646072387695313;
2754500000;-75.602790832519531;
2764480000;-75.611518859863281;
2774460000;-75.624809265136719;
2784440000;-75.722015380859375;
2794420000;-75.845123291015625;
2804400000;-75.820655822753906;
2814380000;-75.878936767578125;
2824360000;-75.865409851074219;
2834340000;-75.903663635253906;
2844320000;-75.875717163085938;
2854300000;-75.971351623535156;
2864280000;-75.960845947265625;
2874260000;-75.944488525390625;
2884240000;-75.931861877441406;
2894220000;-75.823982238769531;
2904200000;-75.843795776367188;
2914180000;-75.8702392578125;
2924160000;-75.7791748046875;
2934140000;-75.856918334960938;
2944120000;-75.852371215820313;
2954100000;-75.751113891601563;
2964080000;-75.684562683105469;
2974060000;-75.682113647460938;
2984040000;-75.611839294433594;
2994020000;-75.451210021972656;
3004000000;-74.004562377929687;
3013980000;-74.078926086425781;
3023960000;-74.117515563964844;
3033940000;-74.150108337402344;
3043920000;-74.208709716796875;
3053900000;-74.249000549316406;
3063880000;-74.323371887207031;
3073860000;-74.379257202148437;
3083840000;-74.4007568359375;
3093820000;-74.417900085449219;
3103800000;-74.545173645019531;
3113780000;-74.617416381835938;
3123760000;-74.753654479980469;
3133740000;-74.788688659667969;
3143720000;-74.782661437988281;
3153700000;-74.918205261230469;
3163680000;-74.823204040527344;
3173660000;-74.864852905273438;
3183640000;-74.790191650390625;
3193620000;-74.792724609375;
3203600000;-74.707717895507812;
3213580000;-74.6307373046875;
3223560000;-74.489540100097656;
3233540000;-74.536773681640625;
3243520000;-74.489761352539063;
3253500000;-74.60601806640625;
3263480000;-74.657928466796875;
3273460000;-74.59722900390625;
3283440000;-74.588523864746094;
3293420000;-74.563140869140625;
3303400000;-74.5286865234375;
3313380000;-74.543525695800781;
3323360000;-74.574302673339844;
3333340000;-74.633697509765625;
3343320000;-74.624343872070313;
3353300000;-74.634834289550781;
3363280000;-74.634849548339844;
3373260000;-74.605575561523438;
3383240000;-74.699134826660156;
3393220000;-74.706474304199219;
3403200000;-74.701744079589844;
3413180000;-74.695785522460937;
3423160000;-74.699287414550781;
3433140000;-74.625167846679688;
3443120000;-74.320327758789063;
3453100000;-74.226821899414063;
3463080000;-74.167884826660156;
3473060000;-74.200485229492188;
3483040000;-74.38507080078125;
3493020000;-74.385726928710938;
3503000000;-74.445091247558594;
3512980000;-74.465583801269531;
3522960000;-74.509010314941406;
3532940000;-74.590049743652344;
3542920000;-74.628219604492188;
3552900000;-74.71539306640625;
3562880000;-74.826568603515625;
3572860000;-74.866477966308594;
3582840000;-74.947097778320312;
3592820000;-74.942031860351562;
3602800000;-74.986213684082031;
3612780000;-74.969627380371094;
3622760000;-74.968544006347656;
3632740000;-74.886306762695313;
3642720000;-74.804145812988281;
3652700000;-74.796028137207031;
3662680000;-74.84716796875;
3672660000;-74.876045227050781;
3682640000;-74.946884155273437;
3692620000;-74.95562744140625;
3702600000;-74.896903991699219;
3712580000;-74.781494140625;
3722560000;-74.854461669921875;
3732540000;-75.030624389648437;
3742520000;-74.906402587890625;
3752500000;-74.622695922851563;
3762480000;-74.64532470703125;
3772460000;-74.67529296875;
3782440000;-74.686355590820312;
3792420000;-74.624740600585937;
3802400000;-74.480133056640625;
3812380000;-74.466209411621094;
3822360000;-74.237602233886719;
3832340000;-74.16552734375;
3842320000;-74.064781188964844;
3852300000;-73.984603881835938;
3862280000;-74.020751953125;
3872260000;-74.024955749511719;
3882240000;-74.035369873046875;
3892220000;-74.251815795898438;
3902200000;-74.451446533203125;
3912180000;-74.490196228027344;
3922160000;-74.591331481933594;
3932140000;-74.629020690917969;
3942120000;-74.612442016601562;
3952100000;-74.669990539550781;
3962080000;-74.825996398925781;
3972060000;-74.977294921875;
3982040000;-74.968208312988281;
3992020000;-75.033485412597656;
4002000000;-74.972152709960938;
4011980000;-74.913810729980469;
4021960000;-74.861457824707031;
4031940000;-74.828994750976563;
4041920000;-74.788902282714844;
4051900000;-74.752891540527344;
4061880000;-74.7628173828125;
4071860000;-74.679351806640625;
4081840000;-75.085945129394531;
4091820000;-74.753150939941406;
4101800000;-74.623100280761719;
4111780000;-74.781448364257813;
4121760000;-74.501396179199219;
4131740000;-74.576156616210938;
4141720000;-74.703010559082031;
4151700000;-74.815956115722656;
4161680000;-75.109657287597656;
4171660000;-75.055282592773438;
4181640000;-75.271202087402344;
4191620000;-75.196830749511719;
4201600000;-75.097274780273438;
4211580000;-75.167953491210937;
4221560000;-74.896858215332031;
4231540000;-74.808197021484375;
4241520000;-74.777542114257813;
4251500000;-74.779731750488281;
4261480000;-74.768646240234375;
4271460000;-74.677223205566406;
4281440000;-74.633827209472656;
4291420000;-74.630645751953125;
4301400000;-74.593780517578125;
4311380000;-74.546058654785156;
4321360000;-74.5599365234375;
4331340000;-74.628692626953125;
4341320000;-74.704986572265625;
4351300000;-74.758689880371094;
4361280000;-74.85894775390625;
4371260000;-74.892410278320313;
4381240000;-74.875511169433594;
4391220000;-74.904106140136719;
4401200000;-74.917083740234375;
4411180000;-74.93634033203125;
4421160000;-74.932785034179687;
4431140000;-74.997039794921875;
4441120000;-75.062210083007812;
4451100000;-75.121330261230469;
4461080000;-75.145233154296875;
4471060000;-75.198234558105469;
4481040000;-75.257949829101563;
4491020000;-75.26458740234375;
4501000000;-75.321693420410156;
4510980000;-75.303962707519531;
4520960000;-75.315116882324219;
4530940000;-75.399276733398438;
4540920000;-75.447257995605469;
4550900000;-75.502525329589844;
4560880000;-75.493415832519531;
4570860000;-75.581008911132813;
4580840000;-75.558975219726563;
4590820000;-75.57666015625;
4600800000;-75.526885986328125;
4610780000;-75.501853942871094;
4620760000;-75.4931640625;
4630740000;-75.449668884277344;
4640720000;-75.378013610839844;
4650700000;-75.304397583007813;
4660680000;-75.319313049316406;
4670660000;-75.367500305175781;
4680640000;-75.27960205078125;
4690620000;-75.264747619628906;
4700600000;-75.309700012207031;
4710580000;-75.316825866699219;
4720560000;-75.331428527832031;
4730540000;-75.295913696289063;
4740520000;-75.282493591308594;
4750500000;-75.257186889648438;
4760480000;-75.282943725585938;
4770460000;-75.288070678710938;
4780440000;-75.33782958984375;
4790420000;-75.328742980957031;
4800400000;-75.314277648925781;
4810380000;-75.295867919921875;
4820360000;-75.271125793457031;
4830340000;-75.287277221679688;
4840320000;-75.28564453125;
4850300000;-75.256256103515625;
4860280000;-75.233489990234375;
4870260000;-75.199958801269531;
4880240000;-75.156837463378906;
4890220000;-75.1771240234375;
4900200000;-75.2550048828125;
4910180000;-75.279373168945313;
4920160000;-75.35870361328125;
4930140000;-75.410781860351563;
4940120000;-75.4788818359375;
4950100000;-75.464767456054687;
4960080000;-75.579551696777344;
4970060000;-75.673988342285156;
4980040000;-75.7069091796875;
4990020000;-75.768852233886719;
5000000000;-75.785202026367188;
